# Matter power spectrum P(k) at redshift z=0
# for k=1.02701e-05 to 1.02274 h/Mpc,
# number of wavenumbers equal to 643
#    1:k (h/Mpc)              2:P (Mpc/h)^3        
       1.027007313721e-05       5.036917407563e+01 
       2.127822647656e-05       1.018080631539e+02 
       3.231728561898e-05       1.524448439922e+02 
       4.340893518617e-05       2.027200092805e+02 
       5.457513927341e-05       2.528857231927e+02 
       6.583828463544e-05       3.031277382493e+02 
       7.722132742370e-05       3.536014302112e+02 
       8.874794492625e-05       4.044467653435e+02 
       1.004426937739e-04       4.557958839482e+02 
       1.123311760917e-04       5.077775244819e+02 
       1.244402150903e-04       5.605199611286e+02 
       1.367980415961e-04       6.141531395370e+02 
       1.494344930131e-04       6.688103582794e+02 
       1.623812261718e-04       7.246297039259e+02 
       1.756719454422e-04       7.817554156471e+02 
       1.893426473539e-04       8.403390675183e+02 
       2.034318827434e-04       9.005407944573e+02 
       2.179810371140e-04       9.625304970565e+02 
       2.330346294046e-04       1.026489041295e+03 
       2.486406286732e-04       1.092609483981e+03 
       2.648507872526e-04       1.161098283929e+03 
       2.817209876534e-04       1.232176524190e+03 
       2.993115988048e-04       1.306081134586e+03 
       3.176878350369e-04       1.383066000537e+03 
       3.369201084353e-04       1.463403030465e+03 
       3.570843617599e-04       1.547383034307e+03 
       3.782623649454e-04       1.635316387552e+03 
       4.005419532965e-04       1.727533353082e+03 
       4.240171799201e-04       1.824383970164e+03 
       4.487883489210e-04       1.926237327656e+03 
       4.749618898233e-04       2.033480199473e+03 
       5.026500282386e-04       2.146514607163e+03 
       5.319702039506e-04       2.265754409547e+03 
       5.630441866534e-04       2.391620608769e+03 
       5.959968431887e-04       2.524535200761e+03 
       6.309545200646e-04       2.664913503922e+03 
       6.680430229746e-04       2.813155040164e+03 
       7.073852020423e-04       2.969632957501e+03 
       7.490981874855e-04       3.134682352423e+03 
       7.932903633826e-04       3.308587871029e+03 
       8.400582130024e-04       3.491571236020e+03 
       8.894832111792e-04       3.683779430854e+03 
       9.416289693533e-04       3.885274583381e+03 
       9.965388489518e-04       4.096025943299e+03 
       1.054234242669e-03       4.315905487919e+03 
       1.114713679114e-03       4.544686948929e+03 
       1.177952838127e-03       4.782048891130e+03 
       1.243905481285e-03       5.027582118642e+03 
       1.312505217872e-03       5.280799401502e+03 
       1.383667954553e-03       5.541149387418e+03 
       1.457294827936e-03       5.808030739646e+03 
       1.533275398585e-03       6.080807133778e+03 
       1.611490892304e-03       6.358822475443e+03 
       1.691817304101e-03       6.641414430400e+03 
       1.774128223681e-03       6.927926224849e+03 
       1.858297289878e-03       7.217717141349e+03 
       1.944200227583e-03       7.510170657698e+03 
       2.031716459617e-03       7.804700100171e+03 
       2.120730315121e-03       8.100753523104e+03 
       2.211131875174e-03       8.397816314813e+03 
       2.302817506696e-03       8.695412556429e+03 
       2.395690139012e-03       8.993104549203e+03 
       2.489659335849e-03       9.290491524264e+03 
       2.584641210847e-03       9.587212421342e+03 
       2.680558228338e-03       9.882936295182e+03 
       2.777338924268e-03       1.017736392223e+04 
       2.874917575502e-03       1.047023082757e+04 
       2.973233839634e-03       1.076129556450e+04 
       3.072232382177e-03       1.105034507611e+04 
       3.171862503624e-03       1.133718661569e+04 
       3.272077775252e-03       1.162167395407e+04 
       3.372835689757e-03       1.190369691142e+04 
       3.474097330616e-03       1.218312009392e+04 
       3.575827062384e-03       1.245982013638e+04 
       3.677992242986e-03       1.273368723851e+04 
       3.780562958108e-03       1.300462543411e+04 
       3.883511777241e-03       1.327254692675e+04 
       3.986813530493e-03       1.353738112157e+04 
       4.090445105023e-03       1.379905836324e+04 
       4.194385259836e-03       1.405752737957e+04 
       4.298614457576e-03       1.431273914274e+04 
       4.403114711972e-03       1.456465785204e+04 
       4.507869449612e-03       1.481324808909e+04 
       4.612863384785e-03       1.505848501945e+04 
       4.718082406196e-03       1.530034169072e+04 
       4.823513474447e-03       1.553880087239e+04 
       4.929144529247e-03       1.577388067775e+04 
       5.034964405430e-03       1.600554918708e+04 
       5.140962756906e-03       1.623381140497e+04 
       5.247129987763e-03       1.645866331544e+04 
       5.353457189836e-03       1.668010115682e+04 
       5.459936086069e-03       1.689813563711e+04 
       5.566558979132e-03       1.711277058393e+04 
       5.673318704747e-03       1.732401317035e+04 
       5.780208589264e-03       1.753187751585e+04 
       5.887222411086e-03       1.773637183378e+04 
       5.994354365536e-03       1.793751191588e+04 
       6.101599032858e-03       1.813532112741e+04 
       6.208951349032e-03       1.832980724165e+04 
       6.316406579135e-03       1.852099276712e+04 
       6.423960293009e-03       1.870889525358e+04 
       6.531608343013e-03       1.889354064766e+04 
       6.639346843658e-03       1.907494457837e+04 
       6.747172152965e-03       1.925312226297e+04 
       6.855080855359e-03       1.942810307108e+04 
       6.963069745986e-03       1.959991314572e+04 
       7.071135816307e-03       1.976856678566e+04 
       7.179276240851e-03       1.993408969261e+04 
       7.287488365038e-03       2.009650956531e+04 
       7.395769693963e-03       2.025583978929e+04 
       7.504117882059e-03       2.041211323103e+04 
       7.612530723568e-03       2.056534883193e+04 
       7.721006143748e-03       2.071557009098e+04 
       7.829542190747e-03       2.086279984800e+04 
       7.938137028097e-03       2.100707049465e+04 
       8.046788927767e-03       2.114840302671e+04 
       8.155496263736e-03       2.128682726624e+04 
       8.264257506035e-03       2.142235623893e+04 
       8.373071215233e-03       2.155502454630e+04 
       8.481936037315e-03       2.168485192510e+04 
       8.590850698931e-03       2.181186539230e+04 
       8.699814002986e-03       2.193609298002e+04 
       8.808824824538e-03       2.205755802109e+04 
       8.917882106990e-03       2.217628652075e+04 
       9.026984858544e-03       2.229229427248e+04 
       9.136132148902e-03       2.240560768719e+04 
       9.245323106197e-03       2.251626188071e+04 
       9.354556914129e-03       2.262427663103e+04 
       9.463832809304e-03       2.272967025657e+04 
       9.573150078743e-03       2.283247017142e+04 
       9.682508057572e-03       2.293269967591e+04 
       9.791906126858e-03       2.303038320965e+04 
       9.901343711592e-03       2.312554970762e+04 
       1.001082027881e-02       2.321820974316e+04 
       1.012033533584e-02       2.330840711704e+04 
       1.022988842864e-02       2.339615094826e+04 
       1.033947914033e-02       2.348147309426e+04 
       1.044910708969e-02       2.356439673472e+04 
       1.055877192986e-02       2.364493528917e+04 
       1.066847334711e-02       2.372312168920e+04 
       1.077821105967e-02       2.379897096729e+04 
       1.088798481664e-02       2.387252074153e+04 
       1.099779439698e-02       2.394376851010e+04 
       1.110763960858e-02       2.401277076654e+04 
       1.121752028739e-02       2.407952070585e+04 
       1.132743629659e-02       2.414405002683e+04 
       1.143738752583e-02       2.420639188265e+04 
       1.154737389054e-02       2.426656287189e+04 
       1.165739533128e-02       2.432457336312e+04 
       1.176745181311e-02       2.438046792711e+04 
       1.187754332506e-02       2.443423160995e+04 
       1.198766987960e-02       2.448592846090e+04 
       1.209783151213e-02       2.453556659468e+04 
       1.220802828063e-02       2.458315018753e+04 
       1.231826026515e-02       2.462871380884e+04 
       1.242852756752e-02       2.467228450052e+04 
       1.253883031101e-02       2.471388140771e+04 
       1.264916863997e-02       2.475353705845e+04 
       1.275954271963e-02       2.479125134739e+04 
       1.286995273582e-02       2.482705328984e+04 
       1.298039889476e-02       2.486096821011e+04 
       1.309088142286e-02       2.489300559713e+04 
       1.320140056658e-02       2.492318787631e+04 
       1.331195659228e-02       2.495154849770e+04 
       1.342254978609e-02       2.497810572410e+04 
       1.353318045383e-02       2.500286170816e+04 
       1.364384892095e-02       2.502584779503e+04 
       1.375455553246e-02       2.504709695356e+04 
       1.386530065289e-02       2.506661684836e+04 
       1.397608466632e-02       2.508441891444e+04 
       1.408690797636e-02       2.510055210792e+04 
       1.419777100618e-02       2.511500500803e+04 
       1.430867419855e-02       2.512782641787e+04 
       1.441961801593e-02       2.513900078258e+04 
       1.453060294052e-02       2.514857983128e+04 
       1.464162947441e-02       2.515656288295e+04 
       1.475269813961e-02       2.516297903703e+04 
       1.486380947828e-02       2.516784493093e+04 
       1.497496405282e-02       2.517117857119e+04 
       1.508616244603e-02       2.517300995790e+04 
       1.519740526133e-02       2.517333769446e+04 
       1.530869312295e-02       2.517219995027e+04 
       1.542002667611e-02       2.516960383712e+04 
       1.553140658728e-02       2.516557752307e+04 
       1.564283354443e-02       2.516012780799e+04 
       1.575430825726e-02       2.515327387896e+04 
       1.586583145751e-02       2.514504593591e+04 
       1.597740389922e-02       2.513545663833e+04 
       1.608902635908e-02       2.512452086434e+04 
       1.620069963672e-02       2.511225720543e+04 
       1.631242455504e-02       2.509869213614e+04 
       1.642420196063e-02       2.508383698575e+04 
       1.653603272406e-02       2.506770176840e+04 
       1.664791774033e-02       2.505032340684e+04 
       1.675985792923e-02       2.503170311990e+04 
       1.687185423583e-02       2.501185934243e+04 
       1.698390763082e-02       2.499081046820e+04 
       1.709601911107e-02       2.496858794530e+04 
       1.720818970003e-02       2.494519804036e+04 
       1.732042044825e-02       2.492064880356e+04 
       1.743271243391e-02       2.489496888619e+04 
       1.754506676329e-02       2.486817809561e+04 
       1.765748457139e-02       2.484026743633e+04 
       1.776996702245e-02       2.481128563685e+04 
       1.788251531055e-02       2.478126860064e+04 
       1.799513066021e-02       2.475013091691e+04 
       1.810781432704e-02       2.471803922503e+04 
       1.822056759836e-02       2.468493145438e+04 
       1.833339179390e-02       2.465074448480e+04 
       1.844628826646e-02       2.461561579606e+04 
       1.855925840265e-02       2.457951820069e+04 
       1.867230362362e-02       2.454246790930e+04 
       1.878542538583e-02       2.450445122099e+04 
       1.889862518184e-02       2.446553037562e+04 
       1.901190454110e-02       2.442569898213e+04 
       1.912526503081e-02       2.438500672733e+04 
       1.923870825680e-02       2.434345491418e+04 
       1.935223586440e-02       2.430099578827e+04 
       1.946584953936e-02       2.425772517512e+04 
       1.957955100882e-02       2.421360215565e+04 
       1.969334204229e-02       2.416862489700e+04 
       1.980722445268e-02       2.412290104582e+04 
       1.992120009729e-02       2.407637292382e+04 
       2.003527087896e-02       2.402905202786e+04 
       2.014943874714e-02       2.398103564779e+04 
       2.026370569907e-02       2.393221426898e+04 
       2.037807378096e-02       2.388270376835e+04 
       2.049254508918e-02       2.383242714111e+04 
       2.060712177159e-02       2.378146892400e+04 
       2.072180602881e-02       2.372982975571e+04 
       2.083660011556e-02       2.367751246202e+04 
       2.095150634210e-02       2.362458439323e+04 
       2.106652707560e-02       2.357093864894e+04 
       2.118166474169e-02       2.351663671783e+04 
       2.129692182599e-02       2.346179814632e+04 
       2.141230087565e-02       2.340632002922e+04 
       2.152780450104e-02       2.335026135622e+04 
       2.164343537742e-02       2.329352123909e+04 
       2.175919624669e-02       2.323633224059e+04 
       2.187508991922e-02       2.317850579802e+04 
       2.199111927572e-02       2.312022823044e+04 
       2.210728726915e-02       2.306134761745e+04 
       2.222359692675e-02       2.300191629010e+04 
       2.234005135211e-02       2.294205033236e+04 
       2.245665372729e-02       2.288162004364e+04 
       2.257340731509e-02       2.282073912101e+04 
       2.269031546129e-02       2.275933362948e+04 
       2.280738159705e-02       2.269756509025e+04 
       2.292460924140e-02       2.263529005527e+04 
       2.304200200375e-02       2.257257426605e+04 
       2.315956358655e-02       2.250943961263e+04 
       2.327729778803e-02       2.244586840667e+04 
       2.339520850504e-02       2.238190297158e+04 
       2.351329973601e-02       2.231752649454e+04 
       2.363157558394e-02       2.225278318575e+04 
       2.375004025964e-02       2.218766656513e+04 
       2.386869808499e-02       2.212217708316e+04 
       2.398755349631e-02       2.205629858043e+04 
       2.410661104795e-02       2.199010299496e+04 
       2.422587541594e-02       2.192358198502e+04 
       2.434535140181e-02       2.185669871855e+04 
       2.446504393655e-02       2.178951770785e+04 
       2.458495808473e-02       2.172201260846e+04 
       2.470509904880e-02       2.165424896737e+04 
       2.482547217350e-02       2.158615113528e+04 
       2.494608295056e-02       2.151781129576e+04 
       2.506693702343e-02       2.144919119796e+04 
       2.518804019238e-02       2.138029878771e+04 
       2.530939841968e-02       2.131116671935e+04 
       2.543101783503e-02       2.124176696600e+04 
       2.555290474125e-02       2.117213378902e+04 
       2.567506562017e-02       2.110229820416e+04 
       2.579750713878e-02       2.103220769426e+04 
       2.592023615566e-02       2.096186150583e+04 
       2.604325972768e-02       2.089141651483e+04 
       2.616658511695e-02       2.082069168304e+04 
       2.629021979818e-02       2.074980878251e+04 
       2.641417146624e-02       2.067873291456e+04 
       2.653844804414e-02       2.060746614811e+04 
       2.666305769134e-02       2.053609683906e+04 
       2.678800881249e-02       2.046449346355e+04 
       2.691331006645e-02       2.039275435291e+04 
       2.703897037589e-02       2.032086522465e+04 
       2.716499893720e-02       2.024881391981e+04 
       2.729140523094e-02       2.017667014972e+04 
       2.741819903280e-02       2.010433918481e+04 
       2.754539042502e-02       2.003194679488e+04 
       2.767298980846e-02       1.995937930227e+04 
       2.780100791516e-02       1.988667237644e+04 
       2.792945582158e-02       1.981388414311e+04 
       2.805834496256e-02       1.974106259901e+04 
       2.818768714584e-02       1.966807627983e+04 
       2.831749456744e-02       1.959503654385e+04 
       2.844777982784e-02       1.952182663164e+04 
       2.857855594890e-02       1.944856417559e+04 
       2.870983639176e-02       1.937519846230e+04 
       2.884163507569e-02       1.930187981781e+04 
       2.897396639791e-02       1.922838570470e+04 
       2.910684525454e-02       1.915477247394e+04 
       2.924028706262e-02       1.908124809015e+04 
       2.937430778348e-02       1.900754270724e+04 
       2.950892394730e-02       1.893386167942e+04 
       2.964415267915e-02       1.886005054230e+04 
       2.978001172648e-02       1.878621145081e+04 
       2.991651948823e-02       1.871234911447e+04 
       3.005369504565e-02       1.863837662161e+04 
       3.019155819493e-02       1.856444544347e+04 
       3.033012948184e-02       1.849050253273e+04 
       3.046943023845e-02       1.841637615802e+04 
       3.060948262208e-02       1.834233286811e+04 
       3.075030965679e-02       1.826823087009e+04 
       3.089193527731e-02       1.819405290289e+04 
       3.103438437600e-02       1.811996616362e+04 
       3.117768285266e-02       1.804574172899e+04 
       3.132185766769e-02       1.797151788407e+04 
       3.146693689879e-02       1.789719174673e+04 
       3.161294980144e-02       1.782285409699e+04 
       3.175992687354e-02       1.774862917428e+04 
       3.190789992445e-02       1.767426885359e+04 
       3.205690214893e-02       1.759989485699e+04 
       3.220696820627e-02       1.752544356850e+04 
       3.235813430519e-02       1.745106603632e+04 
       3.251043829482e-02       1.737665095129e+04 
       3.266391976250e-02       1.730207592305e+04 
       3.281862013889e-02       1.722759025218e+04 
       3.297458281108e-02       1.715308746795e+04 
       3.313185324440e-02       1.707846047517e+04 
       3.329047911388e-02       1.700384939428e+04 
       3.345051044602e-02       1.692913733288e+04 
       3.361199977221e-02       1.685451327469e+04 
       3.377500229452e-02       1.677979315006e+04 
       3.393957606554e-02       1.670495563701e+04 
       3.410578218324e-02       1.663016241751e+04 
       3.427368500278e-02       1.655520918342e+04 
       3.444335236675e-02       1.648021252249e+04 
       3.461485585591e-02       1.640519145433e+04 
       3.478827106268e-02       1.633011441134e+04 
       3.496367788973e-02       1.625491997268e+04 
       3.514116087659e-02       1.617964662388e+04 
       3.532080955736e-02       1.610430131831e+04 
       3.550271885322e-02       1.602876820541e+04 
       3.568698950368e-02       1.595324611499e+04 
       3.587372854125e-02       1.587756770281e+04 
       3.606304981494e-02       1.580180663688e+04 
       3.625507456838e-02       1.572585485817e+04 
       3.644993207978e-02       1.564976243876e+04 
       3.664776037142e-02       1.557352991702e+04 
       3.684870699800e-02       1.549714702419e+04 
       3.705292992431e-02       1.542059706551e+04 
       3.726059850459e-02       1.534381014701e+04 
       3.747189457761e-02       1.526683701165e+04 
       3.768701369414e-02       1.518968670283e+04 
       3.790616649605e-02       1.511219165209e+04 
       3.812958026974e-02       1.503451402077e+04 
       3.835750070029e-02       1.495654664837e+04 
       3.859019385790e-02       1.487829266468e+04 
       3.882794845343e-02       1.479968958669e+04 
       3.907107840721e-02       1.472079239904e+04 
       3.931992578332e-02       1.464145024340e+04 
       3.957486415221e-02       1.456177882533e+04 
       3.983630245662e-02       1.448163042178e+04 
       4.010468947164e-02       1.440105744454e+04 
       4.038051896836e-02       1.431997245160e+04 
       4.066433571451e-02       1.423834171328e+04 
       4.095674247464e-02       1.415611793191e+04 
       4.125840820894e-02       1.407319615094e+04 
       4.157007771619e-02       1.398974497405e+04 
       4.189258302375e-02       1.390544939850e+04 
       4.222685690115e-02       1.382037725069e+04 
       4.257394896646e-02       1.373438331188e+04 
       4.293504497282e-02       1.364741601231e+04 
       4.331149001288e-02       1.355941169421e+04 
       4.370481657097e-02       1.347021367374e+04 
       4.411677859665e-02       1.337969311814e+04 
       4.454939308342e-02       1.328771144724e+04 
       4.500499102545e-02       1.319411824192e+04 
       4.548628010755e-02       1.309869122691e+04 
       4.599642206441e-02       1.300116113702e+04 
       4.653912831065e-02       1.290125626673e+04 
       4.711877813331e-02       1.279849663299e+04 
       4.774056429161e-02       1.269256829502e+04 
       4.841067092048e-02       1.258282188105e+04 
       4.913648741805e-02       1.246838762357e+04 
       4.992685799073e-02       1.234834765375e+04 
       5.079235686973e-02       1.222121431471e+04 
       5.174555886448e-02       1.208524639685e+04 
       5.280123596477e-02       1.193794243459e+04 
       5.397634333631e-02       1.177582981200e+04 
       5.528955782630e-02       1.159434682833e+04 
       5.676002277356e-02       1.138753062161e+04 
       5.840493289759e-02       1.114796893919e+04 
       6.023587575095e-02       1.086739923448e+04 
       6.225465317815e-02       1.053819992619e+04 
       6.445041828805e-02       1.015581051704e+04 
       6.680026841739e-02       9.721424945870e+03 
       6.927378808362e-02       9.243477870841e+03 
       7.183939681541e-02       8.737113897070e+03 
       7.446943399338e-02       8.221697595926e+03 
       7.714246061450e-02       7.717381416443e+03 
       7.984322596801e-02       7.242257791018e+03 
       8.256149252241e-02       6.810351939268e+03 
       8.529064343067e-02       6.430587586470e+03 
       8.802650384727e-02       6.106738218886e+03 
       9.076647899998e-02       5.837954313811e+03 
       9.350897099064e-02       5.619468999610e+03 
       9.625300126751e-02       5.443608149581e+03 
       9.899797250377e-02       5.300643868151e+03 
       1.017435207112e-01       5.179927917921e+03 
       1.044894242437e-01       5.070673168000e+03 
       1.072355481173e-01       4.963024249393e+03 
       1.099818100545e-01       4.848837555092e+03 
       1.127281598180e-01       4.722337470039e+03 
       1.154745666476e-01       4.580562801019e+03 
       1.182210116270e-01       4.423261870294e+03 
       1.209674830486e-01       4.252705272258e+03 
       1.237139735979e-01       4.073064223525e+03 
       1.264604786432e-01       3.889723007924e+03 
       1.292069951960e-01       3.708464805742e+03 
       1.319535212793e-01       3.534749077424e+03 
       1.347000555423e-01       3.373404920901e+03 
       1.374465970260e-01       3.227691291796e+03 
       1.401931450194e-01       3.099595797515e+03 
       1.429396989720e-01       2.989815167369e+03 
       1.456862584390e-01       2.897426813805e+03 
       1.484328230478e-01       2.820592623197e+03 
       1.511793924769e-01       2.756566309533e+03 
       1.539259664426e-01       2.702260063415e+03 
       1.566725446898e-01       2.654560149491e+03 
       1.594191269866e-01       2.609416529545e+03 
       1.621657131203e-01       2.563576490141e+03 
       1.649123028944e-01       2.514514276866e+03 
       1.676588961265e-01       2.460458580061e+03 
       1.704054926469e-01       2.400690396052e+03 
       1.731520922972e-01       2.335432244746e+03 
       1.758986949292e-01       2.265645815424e+03 
       1.786453004040e-01       2.192829589078e+03 
       1.813919085915e-01       2.118805577550e+03 
       1.841385193691e-01       2.045426921366e+03 
       1.868851326219e-01       1.974462450684e+03 
       1.896317482414e-01       1.907482832314e+03 
       1.923783661256e-01       1.845690320653e+03 
       1.951249861781e-01       1.789875868132e+03 
       1.978716083081e-01       1.740390520077e+03 
       2.006182324296e-01       1.697061107343e+03 
       2.033648584613e-01       1.659369591420e+03 
       2.061114863265e-01       1.626390582142e+03 
       2.088581159522e-01       1.597043568690e+03 
       2.116047472696e-01       1.570127781419e+03 
       2.143513802131e-01       1.544488320614e+03 
       2.170980147207e-01       1.519075006938e+03 
       2.198446507333e-01       1.493017752946e+03 
       2.225912881950e-01       1.465650131922e+03 
       2.253379270524e-01       1.436633638499e+03 
       2.280845672548e-01       1.405811669063e+03 
       2.308312087538e-01       1.373360118615e+03 
       2.335778515036e-01       1.339702384725e+03 
       2.363244954601e-01       1.305431412120e+03 
       2.390711405817e-01       1.271221771582e+03 
       2.418177868283e-01       1.237744971682e+03 
       2.445644341619e-01       1.205600952203e+03 
       2.473110825460e-01       1.175254738662e+03 
       2.500577319459e-01       1.147012673616e+03 
       2.528043823282e-01       1.121025883074e+03 
       2.555510336611e-01       1.097309529831e+03 
       2.582976859141e-01       1.075734780756e+03 
       2.610443390581e-01       1.056068827602e+03 
       2.637909930650e-01       1.037987363063e+03 
       2.665376479080e-01       1.021083344148e+03 
       2.692843035614e-01       1.004939472686e+03 
       2.720309600006e-01       9.891606480447e+02 
       2.747776172019e-01       9.734001007588e+02 
       2.775242751425e-01       9.574035647480e+02 
       2.802709338006e-01       9.410147553919e+02 
       2.830175931552e-01       9.241747866590e+02 
       2.857642531861e-01       9.069135268122e+02 
       2.885109138739e-01       8.893195806869e+02 
       2.912575752000e-01       8.715391418057e+02 
       2.940042371463e-01       8.537547429395e+02 
       2.967508996956e-01       8.361740361152e+02 
       2.994975628312e-01       8.190080235641e+02 
       3.022442265370e-01       8.024489730462e+02 
       3.049908907976e-01       7.866478303706e+02 
       3.077375555981e-01       7.716993193076e+02 
       3.104842209240e-01       7.576349312534e+02 
       3.132308867615e-01       7.444290499485e+02 
       3.159775530972e-01       7.320114312766e+02 
       3.187242199181e-01       7.202747289412e+02 
       3.214708872118e-01       7.091018311009e+02 
       3.242175549662e-01       6.983690144588e+02 
       3.269642231696e-01       6.879476643738e+02 
       3.297108918108e-01       6.777190683397e+02 
       3.324575608788e-01       6.675740052000e+02 
       3.352042303631e-01       6.574289155666e+02 
       3.379509002536e-01       6.472332040612e+02 
       3.406975705404e-01       6.369678005684e+02 
       3.434442412139e-01       6.266591617320e+02 
       3.461909122649e-01       6.163339982199e+02 
       3.489375836844e-01       6.060560485850e+02 
       3.516842554638e-01       5.958870095051e+02 
       3.544309275947e-01       5.858835628171e+02 
       3.571776000689e-01       5.761047232475e+02 
       3.599242728786e-01       5.665876400773e+02 
       3.626709460160e-01       5.573762442345e+02 
       3.654176194739e-01       5.485027862753e+02 
       3.681642932449e-01       5.399824160547e+02 
       3.709109673221e-01       5.318138309433e+02 
       3.736576416987e-01       5.239728680276e+02 
       3.764043163682e-01       5.164299882843e+02 
       3.791509913241e-01       5.091351201389e+02 
       3.818976665602e-01       5.020484097653e+02 
       3.846443420706e-01       4.951226164348e+02 
       3.873910178494e-01       4.883214998274e+02 
       3.901376938908e-01       4.816128271518e+02 
       3.928843701894e-01       4.749730212875e+02 
       3.956310467398e-01       4.683769053873e+02 
       3.983777235367e-01       4.618138162829e+02 
       4.011244005751e-01       4.552785561389e+02 
       4.038710778500e-01       4.487796352044e+02 
       4.066177553566e-01       4.423361896328e+02 
       4.093644330903e-01       4.359705151655e+02 
       4.121111110465e-01       4.297111034807e+02 
       4.148577892207e-01       4.235761432653e+02 
       4.176044676087e-01       4.175850156213e+02 
       4.203511462062e-01       4.117479111683e+02 
       4.230978250091e-01       4.060706444683e+02 
       4.258445040135e-01       4.005556298400e+02 
       4.285911832154e-01       3.952020254943e+02 
       4.313378626111e-01       3.899981450550e+02 
       4.340845421969e-01       3.849386530038e+02 
       4.368312219692e-01       3.800094922943e+02 
       4.395779019245e-01       3.751897614903e+02 
       4.423245820594e-01       3.704610846792e+02 
       4.450712623705e-01       3.658025416039e+02 
       4.478179428545e-01       3.612026019288e+02 
       4.505646235084e-01       3.566573234558e+02 
       4.533113043289e-01       3.521668082880e+02 
       4.560579853132e-01       3.477237155851e+02 
       4.588046664582e-01       3.433345597836e+02 
       4.615513477611e-01       3.389984904763e+02 
       4.642980292190e-01       3.347152667296e+02 
       4.670447108292e-01       3.304868180983e+02 
       4.697913925890e-01       3.263304188522e+02 
       4.725380744959e-01       3.222447250428e+02 
       4.752847565472e-01       3.182331761723e+02 
       4.780314387405e-01       3.143085189785e+02 
       4.807781210733e-01       3.104685713108e+02 
       4.835248035432e-01       3.067091675111e+02 
       4.862714861479e-01       3.030304088408e+02 
       4.890181688852e-01       2.994234293549e+02 
       4.917648517527e-01       2.958894841012e+02 
       4.945115347484e-01       2.924228843862e+02 
       4.972582178701e-01       2.890210655786e+02 
       5.000049011157e-01       2.856812759066e+02 
       5.027515844831e-01       2.823958799431e+02 
       5.054982679704e-01       2.791581254292e+02 
       5.082449515757e-01       2.759645957638e+02 
       5.109916352970e-01       2.728124611994e+02 
       5.137383191325e-01       2.696942697225e+02 
       5.164850030803e-01       2.666205126153e+02 
       5.192316871386e-01       2.635860438174e+02 
       5.219783713058e-01       2.605959889226e+02 
       5.247250555800e-01       2.576458557599e+02 
       5.274717399596e-01       2.547410965009e+02 
       5.302184244430e-01       2.518840157364e+02 
       5.329651090286e-01       2.490667747679e+02 
       5.357117937147e-01       2.462976577862e+02 
       5.384584784999e-01       2.435748013978e+02 
       5.412051633826e-01       2.409019073560e+02 
       5.439518483613e-01       2.382747535206e+02 
       5.466985334347e-01       2.356974367610e+02 
       5.494452186012e-01       2.331599772804e+02 
       5.521919038595e-01       2.306646555186e+02 
       5.549385892082e-01       2.282084585278e+02 
       5.576852746459e-01       2.257852604882e+02 
       5.604319601715e-01       2.233992903638e+02 
       5.631786457835e-01       2.210485664827e+02 
       5.659253314807e-01       2.187331056040e+02 
       5.686720172619e-01       2.164473133202e+02 
       5.714187031258e-01       2.141937107615e+02 
       5.741653890714e-01       2.119702028480e+02 
       5.769120750973e-01       2.097701827030e+02 
       5.796587612025e-01       2.075976239062e+02 
       5.824054473858e-01       2.054584365057e+02 
       5.851521336461e-01       2.033523109933e+02 
       5.878988199824e-01       2.012753307261e+02 
       5.906455063936e-01       1.992267222109e+02 
       5.933921928786e-01       1.972078080986e+02 
       5.961388794364e-01       1.952194429267e+02 
       5.988855660660e-01       1.932597311791e+02 
       6.016322527665e-01       1.913288100027e+02 
       6.043789395368e-01       1.894253160753e+02 
       6.071256263761e-01       1.875515139399e+02 
       6.098723132833e-01       1.857065352096e+02 
       6.126190002576e-01       1.838834641303e+02 
       6.153656872980e-01       1.820903442503e+02 
       6.181123744038e-01       1.803169815933e+02 
       6.208590615739e-01       1.785691101745e+02 
       6.236057488076e-01       1.768409187605e+02 
       6.263524361040e-01       1.751393364694e+02 
       6.290991234623e-01       1.734588272525e+02 
       6.318458108817e-01       1.718007911178e+02 
       6.345924983614e-01       1.701637694599e+02 
       6.373391859006e-01       1.685474465382e+02 
       6.400858734985e-01       1.669500265601e+02 
       6.428325611544e-01       1.653731845084e+02 
       6.455792488676e-01       1.638176411985e+02 
       6.483259366373e-01       1.622831558394e+02 
       6.510726244628e-01       1.607699768556e+02 
       6.538193123433e-01       1.592760063766e+02 
       6.565660002783e-01       1.578035353379e+02 
       6.593126882670e-01       1.563476500972e+02 
       6.620593763088e-01       1.549126000401e+02 
       6.648060644029e-01       1.534903561303e+02 
       6.675527525488e-01       1.520918537523e+02 
       6.702994407458e-01       1.507125216073e+02 
       6.730461289933e-01       1.493491433457e+02 
       6.757928172906e-01       1.480024798697e+02 
       6.785395056372e-01       1.466736648467e+02 
       6.812861940325e-01       1.453621652428e+02 
       6.840328824758e-01       1.440638076765e+02 
       6.867795709666e-01       1.427807401146e+02 
       6.895262595044e-01       1.415126498818e+02 
       6.922729480885e-01       1.402636320264e+02 
       6.950196367184e-01       1.390311708737e+02 
       6.977663253936e-01       1.378095514649e+02 
       7.005130141135e-01       1.366070176556e+02 
       7.032597028777e-01       1.354150126824e+02 
       7.060063916855e-01       1.342375227531e+02 
       7.087530805366e-01       1.330736372462e+02 
       7.114997694303e-01       1.319270954358e+02 
       7.142464583662e-01       1.307921117428e+02 
       7.169931473439e-01       1.296704469569e+02 
       7.197398363627e-01       1.285650336469e+02 
       7.224865254223e-01       1.274706684928e+02 
       7.252332145222e-01       1.263901364632e+02 
       7.279799036620e-01       1.253187864275e+02 
       7.307265928411e-01       1.242649636784e+02 
       7.334732820592e-01       1.232222512881e+02 
       7.362199713158e-01       1.221886727839e+02 
       7.389666606104e-01       1.211695961559e+02 
       7.417133499428e-01       1.201651113071e+02 
       8.488914668411e-01       8.846798025493e+01 
       1.022743544528e+00       5.751268042833e+01 
